Z = 15

 49  Binding energies
        1s+        2s+        2p-        2p+        3s+        3p-        3p+        3d-        3d+        4s+        4p-        4p+        4d-        4d+        4f-        4f+        5s+        5p-        5p+        5d-        5d+        5f-        5f+        5g-        5g+        6s+        6p-        6p+        6d-        6d+        6f-        6f+        6g-        6g+        6h-        6h+        7s+        7p-        7p+        7d-        7d+        7f-        7f+        7g-        7g+        7h-        7h+        7i-        7i+
   2 2.8028E+03 6.8312E+02 6.6987E+02 6.6805E+02 3.0120E+02 2.9742E+02 2.9688E+02 2.9656E+02 2.9639E+02 1.6875E+02 1.6718E+02 1.6695E+02 1.6681E+02 1.6673E+02 1.6673E+02 1.6670E+02 1.0774E+02 1.0694E+02 1.0682E+02 1.0675E+02 1.0671E+02 1.0671E+02 1.0669E+02 1.0669E+02 1.0668E+02 7.4695E+01 7.4235E+01 7.4167E+01 7.4124E+01 7.4103E+01 7.4102E+01 7.4092E+01 7.4092E+01 7.4085E+01 7.4085E+01 7.4081E+01 5.4814E+01 5.4525E+01 5.4482E+01 5.4455E+01 5.4441E+01 5.4441E+01 5.4434E+01 5.4434E+01 5.4430E+01 5.4430E+01 5.4428E+01 5.4428E+01 5.4426E+01
   3 2.6729E+03 6.1154E+02 5.8723E+02 5.8564E+02 2.6607E+02 2.5941E+02 2.5894E+02 2.5580E+02 2.5567E+02 1.4814E+02 1.4540E+02 1.4520E+02 1.4388E+02 1.4383E+02 1.4376E+02 1.4373E+02 9.4230E+01 9.2849E+01 9.2748E+01 9.2075E+01 9.2046E+01 9.2005E+01 9.1992E+01 9.1991E+01 9.1983E+01 6.5173E+01 6.4381E+01 6.4322E+01 6.3933E+01 6.3917E+01 6.3891E+01 6.3884E+01 6.3883E+01 6.3878E+01 6.3878E+01 6.3875E+01 4.7744E+01 4.7248E+01 4.7211E+01 4.6966E+01 4.6956E+01 4.6940E+01 4.6935E+01 4.6934E+01 4.6931E+01 4.6931E+01 4.6929E+01 4.6929E+01 4.6928E+01
   4 2.5868E+03 5.5452E+02 5.2593E+02 5.2444E+02 2.3549E+02 2.2700E+02 2.2659E+02 2.1918E+02 2.1908E+02 1.2976E+02 1.2624E+02 1.2607E+02 1.2324E+02 1.2320E+02 1.2251E+02 1.2249E+02 8.2059E+01 8.0283E+01 8.0196E+01 7.8808E+01 7.8785E+01 7.8408E+01 7.8398E+01 7.8381E+01 7.8375E+01 5.6541E+01 5.5522E+01 5.5472E+01 5.4687E+01 5.4674E+01 5.4450E+01 5.4444E+01 5.4432E+01 5.4428E+01 5.4428E+01 5.4426E+01 4.1311E+01 4.0673E+01 4.0642E+01 4.0155E+01 4.0146E+01 4.0003E+01 3.9999E+01 3.9990E+01 3.9988E+01 3.9988E+01 3.9987E+01 3.9987E+01 3.9986E+01
   5 2.5037E+03 4.9930E+02 4.6619E+02 4.6481E+02 2.0608E+02 1.9612E+02 1.9577E+02 1.8521E+02 1.8513E+02 1.1228E+02 1.0820E+02 1.0805E+02 1.0409E+02 1.0406E+02 1.0295E+02 1.0294E+02 7.0565E+01 6.8510E+01 6.8437E+01 6.6514E+01 6.6496E+01 6.5897E+01 6.5890E+01 6.5860E+01 6.5856E+01 4.8425E+01 4.7251E+01 4.7210E+01 4.6127E+01 4.6117E+01 4.5762E+01 4.5757E+01 4.5737E+01 4.5734E+01 4.5734E+01 4.5732E+01 3.5281E+01 3.4549E+01 3.4523E+01 3.3853E+01 3.3846E+01 3.3620E+01 3.3617E+01 3.3602E+01 3.3601E+01 3.3601E+01 3.3600E+01 3.3600E+01 3.3599E+01
   6 2.4261E+03 4.4638E+02 4.0928E+02 4.0800E+02 1.7816E+02 1.6715E+02 1.6684E+02 1.5384E+02 1.5378E+02 9.5859E+01 9.1395E+01 9.1272E+01 8.6437E+01 8.6410E+01 8.5094E+01 8.5085E+01 5.9824E+01 5.7597E+01 5.7536E+01 5.5195E+01 5.5181E+01 5.4468E+01 5.4463E+01 5.4429E+01 5.4426E+01 4.0871E+01 3.9605E+01 3.9570E+01 3.8256E+01 3.8248E+01 3.7825E+01 3.7822E+01 3.7798E+01 3.7796E+01 3.7796E+01 3.7795E+01 2.9684E+01 2.8897E+01 2.8876E+01 2.8064E+01 2.8059E+01 2.7788E+01 2.7787E+01 2.7770E+01 2.7769E+01 2.7769E+01 2.7768E+01 2.7768E+01 2.7767E+01
   7 2.3536E+03 3.9578E+02 3.5523E+02 3.5405E+02 1.5179E+02 1.4011E+02 1.3985E+02 1.2512E+02 1.2508E+02 8.0511E+01 7.5853E+01 7.5751E+01 7.0292E+01 7.0273E+01 6.8928E+01 6.8922E+01 4.9852E+01 4.7550E+01 4.7499E+01 4.4863E+01 4.4853E+01 4.4121E+01 4.4118E+01 4.4087E+01 4.4085E+01 3.3887E+01 3.2586E+01 3.2557E+01 3.1081E+01 3.1075E+01 3.0640E+01 3.0638E+01 3.0616E+01 3.0615E+01 3.0614E+01 3.0614E+01 2.4526E+01 2.3720E+01 2.3703E+01 2.2792E+01 2.2788E+01 2.2510E+01 2.2509E+01 2.2493E+01 2.2493E+01 2.2492E+01 2.2492E+01 2.2492E+01 2.2492E+01
   8 2.2859E+03 3.4747E+02 3.0402E+02 3.0292E+02 1.2699E+02 1.1504E+02 1.1482E+02 9.9118E+01 9.9089E+01 6.6264E+01 6.1585E+01 6.1501E+01 5.5692E+01 5.5679E+01 5.4459E+01 5.4455E+01 4.0664E+01 3.8376E+01 3.8335E+01 3.5535E+01 3.5528E+01 3.4859E+01 3.4857E+01 3.4833E+01 3.4832E+01 2.7485E+01 2.6200E+01 2.6177E+01 2.4611E+01 2.4607E+01 2.4208E+01 2.4207E+01 2.4190E+01 2.4189E+01 2.4189E+01 2.4188E+01 1.9814E+01 1.9022E+01 1.9007E+01 1.8043E+01 1.8040E+01 1.7785E+01 1.7784E+01 1.7772E+01 1.7772E+01 1.7772E+01 1.7771E+01 1.7771E+01 1.7771E+01
   9 2.2230E+03 3.0153E+02 2.5570E+02 2.5468E+02 1.0384E+02 9.1983E+01 9.1808E+01 7.5940E+01 7.5922E+01 5.3151E+01 4.8618E+01 4.8551E+01 4.2685E+01 4.2676E+01 4.1691E+01 4.1689E+01 3.2281E+01 3.0091E+01 3.0058E+01 2.7236E+01 2.7232E+01 2.6686E+01 2.6685E+01 2.6669E+01 2.6668E+01 2.1676E+01 2.0456E+01 2.0438E+01 1.8862E+01 1.8860E+01 1.8532E+01 1.8531E+01 1.8520E+01 1.8520E+01 1.8519E+01 1.8519E+01 1.5555E+01 1.4808E+01 1.4796E+01 1.3827E+01 1.3825E+01 1.3615E+01 1.3615E+01 1.3607E+01 1.3606E+01 1.3606E+01 1.3606E+01 1.3606E+01 1.3606E+01
  10 2.1648E+03 2.5805E+02 2.1037E+02 2.0943E+02 8.2382E+01 7.1023E+01 7.0885E+01 5.5706E+01 5.5695E+01 4.1215E+01 3.6989E+01 3.6938E+01 3.1327E+01 3.1322E+01 3.0626E+01 3.0625E+01 2.4728E+01 2.2716E+01 2.2691E+01 1.9995E+01 1.9993E+01 1.9603E+01 1.9602E+01 1.9593E+01 1.9593E+01 1.6477E+01 1.5367E+01 1.5353E+01 1.3850E+01 1.3849E+01 1.3613E+01 1.3613E+01 1.3606E+01 1.3606E+01 1.3606E+01 1.3606E+01 1.1762E+01 1.1086E+01 1.1078E+01 1.0154E+01 1.0153E+01 1.0001E+01 1.0001E+01 9.9965E+00 9.9963E+00 9.9963E+00 9.9962E+00 9.9962E+00 9.9961E+00
  11 2.1409E+03 2.3555E+02 1.8774E+02 1.8681E+02 6.4685E+01 5.4062E+01 5.3950E+01 3.9587E+01 3.9580E+01 3.1183E+01 2.7415E+01 2.7374E+01 2.2215E+01 2.2212E+01 2.1281E+01 2.1280E+01 1.8343E+01 1.6594E+01 1.6575E+01 1.4133E+01 1.4132E+01 1.3623E+01 1.3623E+01 1.3606E+01 1.3606E+01 1.2073E+01 1.1123E+01 1.1113E+01 9.7640E+00 9.7630E+00 9.4610E+00 9.4608E+00 9.4488E+00 9.4487E+00 9.4486E+00 9.4485E+00 8.5463E+00 7.9740E+00 7.9677E+00 7.1439E+00 7.1433E+00 6.9505E+00 6.9504E+00 6.9420E+00 6.9419E+00 6.9418E+00 6.9418E+00 6.9418E+00 6.9417E+00
  12 2.1202E+03 2.1586E+02 1.6799E+02 1.6706E+02 4.9865E+01 3.9811E+01 3.9716E+01 2.6407E+01 2.6403E+01 2.2487E+01 1.9253E+01 1.9223E+01 1.4696E+01 1.4694E+01 1.3642E+01 1.3642E+01 1.2834E+01 1.1394E+01 1.1380E+01 9.2866E+00 9.2856E+00 8.7367E+00 8.7365E+00 8.7082E+00 8.7081E+00 8.2987E+00 7.5345E+00 7.5273E+00 6.3863E+00 6.3857E+00 6.0673E+00 6.0672E+00 6.0475E+00 6.0474E+00 6.0470E+00 6.0470E+00 5.8056E+00 5.3524E+00 5.3481E+00 4.6575E+00 4.6571E+00 4.4568E+00 4.4568E+00 4.4431E+00 4.4431E+00 4.4427E+00 4.4427E+00 4.4427E+00 4.4427E+00
  13 2.1032E+03 1.9965E+02 1.5171E+02 1.5079E+02 3.6937E+01 2.7460E+01 2.7381E+01 1.5507E+01 1.5505E+01 1.4835E+01 1.2249E+01 1.2229E+01 8.5714E+00 8.5703E+00 7.6768E+00 7.6767E+00 8.1133E+00 7.0224E+00 7.0138E+00 5.3791E+00 5.3786E+00 4.9171E+00 4.9171E+00 4.8983E+00 4.8983E+00 5.1214E+00 4.5601E+00 4.5557E+00 3.6811E+00 3.6808E+00 3.4148E+00 3.4148E+00 3.4017E+00 3.4017E+00 3.4014E+00 3.4014E+00 3.5270E+00 3.2007E+00 3.1981E+00 2.6752E+00 2.6750E+00 2.5086E+00 2.5086E+00 2.4993E+00 2.4993E+00 2.4991E+00 2.4990E+00 2.4990E+00 2.4990E+00
  14 2.0891E+03 1.8601E+02 1.3803E+02 1.3711E+02 2.5473E+01 1.6600E+01 1.6535E+01 6.8723E+00 6.8714E+00 8.2881E+00 6.4502E+00 6.4386E+00 3.8457E+00 3.8452E+00 3.4061E+00 3.4061E+00 4.2504E+00 3.5342E+00 3.5297E+00 2.4182E+00 2.4180E+00 2.1808E+00 2.1808E+00 2.1769E+00 2.1769E+00 2.5897E+00 2.2373E+00 2.2351E+00 1.6548E+00 1.6547E+00 1.5157E+00 1.5157E+00 1.5122E+00 1.5122E+00 1.5118E+00 1.5118E+00 1.7440E+00 1.5475E+00 1.5462E+00 1.3372E+00 1.3375E+00 1.1374E+00 1.1541E+00 1.1694E+00 1.1907E+00 1.1105E+00 1.1120E+00 1.1132E+00 1.1132E+00
  15 2.0779E+03 1.7494E+02 1.2694E+02 1.2602E+02 1.5596E+01 7.3208E+00 7.2682E+00 1.5564E+00 1.5563E+00 3.0529E+00 2.0979E+00 2.0934E+00 8.7806E-01 8.7804E-01 8.5051E-01 8.5051E-01 1.3906E+00 1.0679E+00 1.0664E+00 0.0000E+00 0.0000E+00 0.0000E+00 5.8066E-01 5.4880E-01 5.1483E-01 7.9896E-01 6.6740E-01 6.6847E-01 0.0000E+00 0.0000E+00 1.5157E-01 1.6340E-01 2.9263E-01 3.0895E-01 4.0624E-01 4.2699E-01 4.6457E-01 2.0616E-01 2.1005E-01 0.0000E+00 0.0000E+00 0.0000E+00 0.0000E+00 0.0000E+00 0.0000E+00 0.0000E+00 0.0000E+00 2.2522E-01 2.6335E-01

294  Oscillator strengths
  i=     1         2         1         2         3         4         1         2         5         1         2         5         3         4         6         7         4         7         3         4         6         7         1         2         5         8        10         1         2         5         8         9        10         3         4         6         7        11        12         4         7        12         8         9        13        14         9        14         3         4         6         7        11        12         1         2         5         8        10        13        17         1         2         5         8         9        10        13        14        17         3         4         6         7        11        12        15        18        19         4         7        12        15        16        19         8         9        13        14        20        21         9        14        21        15        16        22        23        16        23         3         4         6         7        11        12        18        19         1         2         5         8        10        13        17        20        26         1         2         5         8         9        10        13        14        17        20        21        26         3         4         6         7        11        12        15        18        19        22        27        28         4         7        12        15        16        19        22        23        28         8         9        13        14        20        21        24        29        30         9        14        21        24        25        30        15        16        22        23        31        32        16        23        32        24        25        33        34        25        34         3         4         6         7        11        12        18        19        27        28         1         2         5         8        10        13        17        20        26        29        37         1         2         5         8         9        10        13        14        17        20        21        26        29        30        37         3         4         6         7        11        12        15        18        19        22        27        28        31        38        39         4         7        12        15        16        19        22        23        28        31        32        39         8         9        13        14        20        21        24        29        30        33        40        41         9        14        21        24        25        30        33        34        41        15        16        22        23        31        32        35        42        43        16        23        32        35        36        43        24        25        33        34        44        45        25        34        45        35        36        46        47        36        47
  f=     3         3         4         4         5         5         6         6         6         7         7         7         8         8         8         8         9         9        10        10        10        10        11        11        11        11        11        12        12        12        12        12        12        13        13        13        13        13        13        14        14        14        15        15        15        15        16        16        17        17        17        17        17        17        18        18        18        18        18        18        18        19        19        19        19        19        19        19        19        19        20        20        20        20        20        20        20        20        20        21        21        21        21        21        21        22        22        22        22        22        22        23        23        23        24        24        24        24        25        25        26        26        26        26        26        26        26        26        27        27        27        27        27        27        27        27        27        28        28        28        28        28        28        28        28        28        28        28        28        29        29        29        29        29        29        29        29        29        29        29        29        30        30        30        30        30        30        30        30        30        31        31        31        31        31        31        31        31        31        32        32        32        32        32        32        33        33        33        33        33        33        34        34        34        35        35        35        35        36        36        37        37        37        37        37        37        37        37        37        37        38        38        38        38        38        38        38        38        38        38        38        39        39        39        39        39        39        39        39        39        39        39        39        39        39        39        40        40        40        40        40        40        40        40        40        40        40        40        40        40        40        41        41        41        41        41        41        41        41        41        41        41        41        42        42        42        42        42        42        42        42        42        42        42        42        43        43        43        43        43        43        43        43        43        44        44        44        44        44        44        44        44        44        45        45        45        45        45        45        46        46        46        46        46        46        47        47        47        48        48        48        48        49        49
   2 1.288E-01 1.467E-02 2.577E-01 3.355E-02 1.662E-02 1.710E-02 2.530E-02 1.310E-01 2.521E-02 5.094E-02 2.588E-01 5.787E-02 6.897E-01 6.921E-02 7.268E-03 2.683E-04 6.236E-01 3.727E-03 3.620E-03 3.709E-03 3.861E-02 3.963E-02 9.354E-03 3.214E-02 1.442E-01 9.690E-03 3.503E-02 1.887E-02 6.385E-02 2.838E-01 1.874E-03 1.136E-02 8.049E-02 1.218E-01 1.213E-02 6.084E-01 6.142E-02 1.330E-02 5.041E-04 1.096E-01 5.516E-01 6.898E-03 1.016E+00 4.839E-02 1.396E-03 1.076E-06 9.685E-01 6.741E-04 1.430E-03 1.463E-03 8.639E-03 8.830E-03 6.268E-02 6.425E-02 4.513E-03 1.327E-02 3.742E-02 1.940E-03 1.607E-01 2.440E-02 4.459E-02 9.116E-03 2.642E-02 7.408E-02 3.763E-04 2.279E-03 3.158E-01 4.731E-03 2.867E-02 1.025E-01 4.448E-02 4.420E-03 1.383E-01 1.387E-02 5.970E-01 6.045E-02 8.385E-03 1.876E-02 7.192E-04 4.000E-02 1.249E-01 5.421E-01 5.921E-04 8.931E-03 9.778E-03 1.566E-01 7.439E-03 8.880E-01 4.237E-02 2.560E-03 2.248E-06 1.492E-01 8.469E-01 1.238E-03 1.345E+00 3.735E-02 6.714E-04 1.529E-09 1.308E+00 3.915E-04 7.253E-04 7.417E-04 3.495E-03 3.568E-03 1.419E-02 1.448E-02 8.776E-02 8.989E-02 2.530E-03 6.883E-03 1.610E-02 7.386E-04 4.240E-02 5.092E-03 1.786E-01 4.195E-02 5.402E-02 5.113E-03 1.372E-02 3.195E-02 1.434E-04 8.680E-04 8.380E-02 9.908E-04 5.997E-03 3.506E-01 8.150E-03 4.936E-02 1.242E-01 2.171E-02 2.155E-03 5.597E-02 5.598E-03 1.469E-01 1.478E-02 1.495E-03 6.104E-01 6.191E-02 2.197E-02 2.392E-02 9.225E-04 1.951E-02 5.045E-02 1.328E-01 1.057E-04 1.593E-03 5.548E-01 1.553E-03 2.341E-02 1.250E-02 5.391E-02 2.557E-03 1.860E-01 8.854E-03 8.415E-01 4.020E-02 7.160E-03 3.606E-03 3.381E-06 5.132E-02 1.772E-01 8.029E-01 2.636E-04 7.407E-03 1.746E-03 1.824E-01 5.056E-03 1.184E+00 3.292E-02 1.243E-03 3.085E-09 1.773E-01 1.152E+00 7.248E-04 1.676E+00 3.046E-02 3.986E-04 4.828E-10 1.646E+00 2.610E-04 4.229E-04 4.323E-04 1.812E-03 1.849E-03 5.805E-03 5.917E-03 1.998E-02 2.037E-02 1.134E-01 1.161E-01 1.563E-03 4.067E-03 8.631E-03 3.693E-04 1.857E-02 1.981E-03 4.731E-02 8.979E-03 1.973E-01 6.127E-02 6.338E-02 3.160E-03 8.110E-03 1.714E-02 7.172E-05 4.341E-04 3.677E-02 3.859E-04 2.334E-03 9.340E-02 1.751E-03 1.059E-02 3.869E-01 1.192E-02 7.215E-02 1.457E-01 1.239E-02 1.229E-03 2.897E-02 2.894E-03 6.213E-02 6.234E-03 5.333E-04 1.549E-01 1.561E-02 4.180E-03 6.352E-01 6.451E-02 3.899E-02 2.890E-02 1.119E-03 1.113E-02 2.609E-02 5.608E-02 3.769E-05 5.682E-04 1.402E-01 2.957E-04 4.457E-03 5.779E-01 2.757E-03 4.157E-02 1.513E-02 2.560E-02 1.214E-03 7.224E-02 3.434E-03 1.965E-01 9.364E-03 1.139E-03 8.297E-01 3.966E-02 1.921E-02 4.583E-03 4.464E-06 2.437E-02 6.879E-02 1.873E-01 4.197E-05 1.179E-03 7.918E-01 7.076E-04 1.988E-02 2.221E-03 5.839E-02 1.618E-03 2.287E-01 6.347E-03 1.108E+00 3.082E-02 6.180E-03 1.759E-03 4.641E-09 5.675E-02 2.223E-01 1.078E+00 1.399E-04 6.312E-03 1.025E-03 2.018E-01 3.664E-03 1.491E+00 2.712E-02 7.454E-04 4.471E-10 1.981E-01 1.464E+00 4.875E-04 2.007E+00 2.573E-02 2.641E-04 7.688E-10 1.982E+00 1.866E-04
   3 1.188E-01 2.986E-02 2.375E-01 6.396E-02 1.962E-02 2.014E-02 2.423E-02 1.175E-01 5.010E-02 4.874E-02 2.318E-01 1.076E-01 6.680E-01 6.706E-02 3.550E-02 3.083E-03 6.041E-01 2.894E-02 4.141E-03 4.233E-03 4.502E-02 4.612E-02 9.041E-03 2.992E-02 1.279E-01 1.181E-02 6.918E-02 1.822E-02 5.937E-02 2.514E-01 2.291E-03 1.387E-02 1.487E-01 1.227E-01 1.223E-02 5.716E-01 5.773E-02 6.356E-02 5.521E-03 1.105E-01 5.185E-01 5.183E-02 1.015E+00 4.834E-02 2.776E-03 7.428E-05 9.674E-01 2.050E-03 1.619E-03 1.653E-03 9.783E-03 9.980E-03 7.261E-02 7.429E-02 4.376E-03 1.250E-02 3.447E-02 2.321E-03 1.415E-01 2.917E-02 8.782E-02 8.830E-03 2.486E-02 6.817E-02 4.517E-04 2.730E-03 2.777E-01 5.671E-03 3.430E-02 1.888E-01 4.544E-02 4.520E-03 1.351E-01 1.356E-02 5.520E-01 5.592E-02 8.499E-03 8.864E-02 7.701E-03 4.087E-02 1.220E-01 5.016E-01 6.010E-04 9.058E-03 7.230E-02 1.568E-01 7.450E-03 8.856E-01 4.225E-02 5.432E-03 1.525E-04 1.493E-01 8.445E-01 4.082E-03 1.345E+00 3.736E-02 5.985E-04 5.345E-07 1.308E+00 3.563E-04 8.170E-04 8.338E-04 3.923E-03 3.996E-03 1.596E-02 1.626E-02 1.012E-01 1.035E-01 2.457E-03 6.517E-03 1.503E-02 8.799E-04 3.879E-02 5.961E-03 1.565E-01 4.959E-02 1.063E-01 4.959E-03 1.297E-02 2.978E-02 1.714E-04 1.035E-03 7.657E-02 1.163E-03 7.027E-03 3.069E-01 9.656E-03 5.839E-02 2.285E-01 2.233E-02 2.219E-03 5.545E-02 5.551E-03 1.412E-01 1.421E-02 1.516E-03 5.587E-01 5.671E-02 2.226E-02 1.123E-01 9.755E-03 2.007E-02 5.001E-02 1.277E-01 1.073E-04 1.616E-03 5.083E-01 1.575E-03 2.374E-02 9.158E-02 5.402E-02 2.564E-03 1.860E-01 8.853E-03 8.382E-01 4.003E-02 7.155E-03 7.910E-03 2.271E-04 5.143E-02 1.772E-01 7.996E-01 2.636E-04 7.404E-03 5.994E-03 1.824E-01 5.057E-03 1.184E+00 3.292E-02 1.117E-03 1.231E-06 1.773E-01 1.152E+00 6.679E-04 1.676E+00 3.046E-02 3.438E-04 1.937E-09 1.646E+00 2.251E-04 4.749E-04 4.846E-04 2.025E-03 2.061E-03 6.472E-03 6.584E-03 2.238E-02 2.278E-02 1.305E-01 1.333E-01 1.519E-03 3.861E-03 8.105E-03 4.393E-04 1.722E-02 2.307E-03 4.307E-02 1.038E-02 1.723E-01 7.187E-02 1.246E-01 3.067E-03 7.691E-03 1.608E-02 8.559E-05 5.171E-04 3.406E-02 4.506E-04 2.722E-03 8.493E-02 2.028E-03 1.225E-02 3.375E-01 1.401E-02 8.469E-02 2.678E-01 1.279E-02 1.270E-03 2.891E-02 2.891E-03 6.055E-02 6.081E-03 5.408E-04 1.473E-01 1.485E-02 4.233E-03 5.775E-01 5.869E-02 3.950E-02 1.351E-01 1.174E-02 1.149E-02 2.605E-02 5.470E-02 3.827E-05 5.765E-04 1.334E-01 2.998E-04 4.515E-03 5.259E-01 2.796E-03 4.213E-02 1.102E-01 2.567E-02 1.217E-03 7.230E-02 3.438E-03 1.963E-01 9.352E-03 1.139E-03 8.258E-01 3.945E-02 1.920E-02 1.025E-02 2.981E-04 2.443E-02 6.885E-02 1.870E-01 4.197E-05 1.178E-03 7.879E-01 7.077E-04 1.987E-02 7.806E-03 5.839E-02 1.618E-03 2.287E-01 6.348E-03 1.108E+00 3.082E-02 6.176E-03 1.589E-03 1.960E-06 5.676E-02 2.223E-01 1.078E+00 1.399E-04 6.310E-03 9.522E-04 2.018E-01 3.664E-03 1.491E+00 2.712E-02 6.429E-04 4.135E-09 1.981E-01 1.465E+00 4.204E-04 2.007E+00 2.573E-02 2.277E-04 7.661E-10 1.982E+00 1.609E-04
   4 1.142E-01 3.709E-02 2.281E-01 7.845E-02 2.062E-02 2.116E-02 2.237E-02 1.068E-01 7.072E-02 4.498E-02 2.105E-01 1.487E-01 6.249E-01 6.276E-02 9.003E-02 8.523E-03 5.653E-01 7.789E-02 4.315E-03 4.409E-03 5.003E-02 5.117E-02 8.323E-03 2.793E-02 1.132E-01 1.580E-02 1.001E-01 1.677E-02 5.538E-02 2.224E-01 3.079E-03 1.860E-02 2.102E-01 1.252E-01 1.249E-02 5.094E-01 5.149E-02 1.467E-01 1.383E-02 1.128E-01 4.624E-01 1.266E-01 1.001E+00 4.770E-02 1.903E-02 8.509E-04 9.546E-01 1.752E-02 1.684E-03 1.719E-03 1.061E-02 1.080E-02 8.162E-02 8.336E-02 4.025E-03 1.179E-02 3.153E-02 2.963E-03 1.240E-01 3.732E-02 1.282E-01 8.115E-03 2.342E-02 6.229E-02 5.791E-04 3.495E-03 2.431E-01 7.283E-03 4.399E-02 2.692E-01 4.764E-02 4.745E-03 1.288E-01 1.293E-02 4.837E-01 4.904E-02 9.817E-03 1.968E-01 1.852E-02 4.287E-02 1.164E-01 4.399E-01 6.949E-04 1.046E-02 1.696E-01 1.589E-01 7.550E-03 8.589E-01 4.097E-02 3.692E-02 1.656E-03 1.513E-01 8.191E-01 3.404E-02 1.344E+00 3.734E-02 1.350E-03 2.362E-05 1.307E+00 1.115E-03 8.492E-04 8.661E-04 4.219E-03 4.292E-03 1.746E-02 1.775E-02 1.142E-01 1.165E-01 2.257E-03 6.174E-03 1.390E-02 1.107E-03 3.519E-02 7.335E-03 1.363E-01 6.203E-02 1.558E-01 4.554E-03 1.228E-02 2.752E-02 2.165E-04 1.307E-03 6.941E-02 1.437E-03 8.669E-03 2.669E-01 1.212E-02 7.319E-02 3.272E-01 2.370E-02 2.358E-03 5.410E-02 5.421E-03 1.314E-01 1.324E-02 1.743E-03 4.844E-01 4.921E-02 2.546E-02 2.442E-01 2.297E-02 2.131E-02 4.882E-02 1.190E-01 1.235E-04 1.858E-03 4.411E-01 1.804E-03 2.715E-02 2.103E-01 5.533E-02 2.627E-03 1.854E-01 8.828E-03 8.036E-01 3.837E-02 7.217E-03 5.331E-02 2.396E-03 5.267E-02 1.767E-01 7.666E-01 2.661E-04 7.470E-03 4.919E-02 1.825E-01 5.063E-03 1.183E+00 3.287E-02 2.844E-03 5.319E-05 1.774E-01 1.150E+00 2.395E-03 1.676E+00 3.047E-02 3.058E-04 2.342E-07 1.646E+00 2.044E-04 4.932E-04 5.029E-04 2.170E-03 2.206E-03 7.018E-03 7.128E-03 2.453E-02 2.492E-02 1.473E-01 1.502E-01 1.394E-03 3.666E-03 7.539E-03 5.488E-04 1.582E-02 2.807E-03 3.888E-02 1.251E-02 1.493E-01 8.870E-02 1.832E-01 2.814E-03 7.296E-03 1.494E-02 1.074E-04 6.480E-04 3.126E-02 5.503E-04 3.320E-03 7.658E-02 2.454E-03 1.480E-02 2.922E-01 1.734E-02 1.047E-01 3.845E-01 1.366E-02 1.358E-03 2.853E-02 2.856E-03 5.765E-02 5.795E-03 6.229E-04 1.352E-01 1.365E-02 4.797E-03 4.969E-01 5.055E-02 4.486E-02 2.904E-01 2.729E-02 1.228E-02 2.573E-02 5.211E-02 4.414E-05 6.642E-04 1.226E-01 3.401E-04 5.118E-03 4.529E-01 3.179E-03 4.786E-02 2.500E-01 2.644E-02 1.255E-03 7.289E-02 3.467E-03 1.934E-01 9.218E-03 1.149E-03 7.852E-01 3.751E-02 1.937E-02 6.866E-02 3.088E-03 2.516E-02 6.942E-02 1.844E-01 4.239E-05 1.190E-03 7.493E-01 7.145E-04 2.005E-02 6.338E-02 5.848E-02 1.621E-03 2.287E-01 6.350E-03 1.106E+00 3.075E-02 6.174E-03 4.325E-03 8.359E-05 5.684E-02 2.224E-01 1.076E+00 1.399E-04 6.308E-03 3.680E-03 2.018E-01 3.665E-03 1.491E+00 2.712E-02 5.803E-04 5.912E-07 1.981E-01 1.465E+00 3.899E-04 2.008E+00 2.573E-02 1.940E-04 1.769E-09 1.982E+00 1.372E-04
   5 1.087E-01 4.569E-02 2.172E-01 9.569E-02 2.190E-02 2.245E-02 2.051E-02 9.546E-02 9.282E-02 4.122E-02 1.880E-01 1.928E-01 5.800E-01 5.828E-02 1.485E-01 1.436E-02 5.248E-01 1.304E-01 4.542E-03 4.638E-03 5.574E-02 5.692E-02 7.623E-03 2.578E-02 9.865E-02 2.064E-02 1.323E-01 1.535E-02 5.105E-02 1.936E-01 4.036E-03 2.435E-02 2.744E-01 1.262E-01 1.261E-02 4.465E-01 4.518E-02 2.364E-01 2.280E-02 1.138E-01 4.056E-01 2.072E-01 9.881E-01 4.707E-02 3.538E-02 1.633E-03 9.418E-01 3.309E-02 1.770E-03 1.805E-03 1.150E-02 1.170E-02 9.169E-02 9.350E-02 3.684E-03 1.100E-02 2.845E-02 3.694E-03 1.069E-01 4.720E-02 1.700E-01 7.423E-03 2.182E-02 5.615E-02 7.246E-04 4.368E-03 2.093E-01 9.238E-03 5.574E-02 3.525E-01 4.931E-02 4.917E-03 1.209E-01 1.215E-02 4.148E-01 4.211E-02 1.121E-02 3.142E-01 3.027E-02 4.439E-02 1.093E-01 3.776E-01 7.943E-04 1.195E-02 2.751E-01 1.608E-01 7.645E-03 8.328E-01 3.973E-02 6.818E-02 3.151E-03 1.531E-01 7.942E-01 6.381E-02 1.344E+00 3.732E-02 2.163E-03 4.825E-05 1.307E+00 1.931E-03 8.911E-04 9.083E-04 4.538E-03 4.610E-03 1.905E-02 1.934E-02 1.285E-01 1.310E-01 2.064E-03 5.789E-03 1.270E-02 1.361E-03 3.150E-02 8.907E-03 1.166E-01 7.711E-02 2.070E-01 4.162E-03 1.150E-02 2.511E-02 2.673E-04 1.611E-03 6.206E-02 1.750E-03 1.055E-02 2.281E-01 1.511E-02 9.113E-02 4.290E-01 2.483E-02 2.473E-03 5.203E-02 5.220E-03 1.202E-01 1.212E-02 1.977E-03 4.095E-01 4.166E-02 2.880E-02 3.881E-01 3.737E-02 2.234E-02 4.699E-02 1.089E-01 1.402E-04 2.109E-03 3.733E-01 2.042E-03 3.072E-02 3.397E-01 5.659E-02 2.688E-03 1.847E-01 8.792E-03 7.701E-01 3.677E-02 7.284E-03 9.802E-02 4.533E-03 5.387E-02 1.759E-01 7.347E-01 2.688E-04 7.541E-03 9.178E-02 1.827E-01 5.068E-03 1.181E+00 3.282E-02 4.694E-03 1.084E-04 1.776E-01 1.149E+00 4.242E-03 1.676E+00 3.047E-02 2.752E-04 5.269E-07 1.646E+00 1.896E-04 5.170E-04 5.268E-04 2.324E-03 2.359E-03 7.588E-03 7.696E-03 2.679E-02 2.718E-02 1.659E-01 1.689E-01 1.274E-03 3.446E-03 6.928E-03 6.708E-04 1.435E-02 3.370E-03 3.460E-02 1.495E-02 1.272E-01 1.091E-01 2.435E-01 2.569E-03 6.849E-03 1.371E-02 1.317E-04 7.938E-04 2.833E-02 6.626E-04 3.993E-03 6.807E-02 2.940E-03 1.772E-02 2.485E-01 2.138E-02 1.290E-01 5.047E-01 1.441E-02 1.434E-03 2.777E-02 2.784E-03 5.400E-02 5.436E-03 7.070E-04 1.217E-01 1.230E-02 5.372E-03 4.157E-01 4.235E-02 5.042E-02 4.601E-01 4.429E-02 1.296E-02 2.506E-02 4.886E-02 5.015E-05 7.542E-04 1.104E-01 3.812E-04 5.733E-03 3.793E-01 3.576E-03 5.380E-02 4.026E-01 2.720E-02 1.291E-03 7.336E-02 3.490E-03 1.904E-01 9.075E-03 1.161E-03 7.465E-01 3.566E-02 1.956E-02 1.259E-01 5.824E-03 2.588E-02 6.987E-02 1.815E-01 4.284E-05 1.202E-03 7.123E-01 7.217E-04 2.025E-02 1.179E-01 5.857E-02 1.624E-03 2.288E-01 6.353E-03 1.104E+00 3.068E-02 6.172E-03 7.245E-03 1.700E-04 5.693E-02 2.225E-01 1.073E+00 1.400E-04 6.308E-03 6.585E-03 2.018E-01 3.666E-03 1.491E+00 2.712E-02 5.336E-04 1.328E-06 1.981E-01 1.465E+00 3.724E-04 2.008E+00 2.573E-02 1.631E-04 3.271E-09 1.982E+00 1.154E-04
   6 1.032E-01 5.459E-02 2.061E-01 1.135E-01 2.319E-02 2.377E-02 1.859E-02 8.411E-02 1.158E-01 3.734E-02 1.655E-01 2.385E-01 5.290E-01 5.319E-02 2.170E-01 2.121E-02 4.789E-01 1.919E-01 4.771E-03 4.870E-03 6.204E-02 6.327E-02 6.893E-03 2.346E-02 8.431E-02 2.708E-02 1.658E-01 1.387E-02 4.641E-02 1.652E-01 5.310E-03 3.200E-02 3.412E-01 1.256E-01 1.256E-02 3.779E-01 3.828E-02 3.415E-01 3.331E-02 1.133E-01 3.437E-01 3.016E-01 9.757E-01 4.648E-02 5.077E-02 2.369E-03 9.299E-01 4.776E-02 1.855E-03 1.891E-03 1.243E-02 1.263E-02 1.029E-01 1.048E-01 3.326E-03 1.012E-02 2.525E-02 4.597E-03 9.011E-02 6.025E-02 2.135E-01 6.697E-03 2.006E-02 4.977E-02 9.048E-04 5.448E-03 1.762E-01 1.183E-02 7.127E-02 4.392E-01 5.049E-02 5.040E-03 1.106E-01 1.113E-02 3.405E-01 3.462E-02 1.259E-02 4.517E-01 4.404E-02 4.548E-02 1.001E-01 3.104E-01 8.933E-04 1.343E-02 3.988E-01 1.625E-01 7.726E-03 8.086E-01 3.857E-02 9.778E-02 4.568E-03 1.547E-01 7.711E-01 9.203E-02 1.343E+00 3.731E-02 2.750E-03 6.651E-05 1.306E+00 2.529E-03 9.327E-04 9.502E-04 4.864E-03 4.934E-03 2.071E-02 2.100E-02 1.446E-01 1.471E-01 1.861E-03 5.353E-03 1.142E-02 1.670E-03 2.769E-02 1.084E-02 9.746E-02 9.691E-02 2.603E-01 3.749E-03 1.062E-02 2.255E-02 3.290E-04 1.980E-03 5.446E-02 2.135E-03 1.285E-02 1.903E-01 1.903E-02 1.147E-01 5.352E-01 2.576E-02 2.569E-03 4.895E-02 4.918E-03 1.064E-01 1.075E-02 2.207E-03 3.293E-01 3.356E-02 3.213E-02 5.565E-01 5.424E-02 2.319E-02 4.425E-02 9.657E-02 1.566E-04 2.355E-03 3.007E-01 2.280E-03 3.429E-02 4.912E-01 5.771E-02 2.742E-03 1.837E-01 8.748E-03 7.392E-01 3.529E-02 7.332E-03 1.405E-01 6.565E-03 5.494E-02 1.750E-01 7.052E-01 2.707E-04 7.593E-03 1.322E-01 1.828E-01 5.073E-03 1.180E+00 3.279E-02 6.043E-03 1.494E-04 1.777E-01 1.147E+00 5.601E-03 1.676E+00 3.047E-02 2.432E-04 7.208E-07 1.646E+00 1.721E-04 5.404E-04 5.504E-04 2.480E-03 2.514E-03 8.175E-03 8.279E-03 2.917E-02 2.955E-02 1.867E-01 1.899E-01 1.147E-03 3.194E-03 6.267E-03 8.174E-04 1.280E-02 4.047E-03 3.019E-02 1.792E-02 1.056E-01 1.357E-01 3.065E-01 2.312E-03 6.339E-03 1.239E-02 1.611E-04 9.696E-04 2.523E-02 7.980E-04 4.804E-03 5.931E-02 3.532E-03 2.127E-02 2.060E-01 2.667E-02 1.607E-01 6.302E-01 1.506E-02 1.501E-03 2.650E-02 2.660E-03 4.920E-02 4.960E-03 7.894E-04 1.054E-01 1.068E-02 5.935E-03 3.293E-01 3.361E-02 5.596E-02 6.585E-01 6.417E-02 1.355E-02 2.394E-02 4.457E-02 5.605E-05 8.424E-04 9.582E-02 4.215E-04 6.336E-03 3.010E-01 3.973E-03 5.973E-02 5.812E-01 2.787E-02 1.324E-03 7.371E-02 3.507E-03 1.873E-01 8.929E-03 1.169E-03 7.108E-01 3.395E-02 1.969E-02 1.803E-01 8.427E-03 2.653E-02 7.020E-02 1.786E-01 4.317E-05 1.211E-03 6.782E-01 7.271E-04 2.039E-02 1.697E-01 5.864E-02 1.627E-03 2.289E-01 6.355E-03 1.102E+00 3.063E-02 6.170E-03 9.383E-03 2.345E-04 5.700E-02 2.225E-01 1.072E+00 1.400E-04 6.307E-03 8.732E-03 2.018E-01 3.666E-03 1.492E+00 2.712E-02 4.806E-04 1.817E-06 1.981E-01 1.465E+00 3.466E-04 2.008E+00 2.574E-02 1.349E-04 4.218E-09 1.982E+00 9.553E-05
   7 9.772E-02 6.374E-02 1.950E-01 1.319E-01 2.447E-02 2.508E-02 1.660E-02 7.270E-02 1.397E-01 3.332E-02 1.428E-01 2.863E-01 4.709E-01 4.739E-02 2.981E-01 2.931E-02 4.266E-01 2.648E-01 4.994E-03 5.095E-03 6.907E-02 7.035E-02 6.128E-03 2.097E-02 7.019E-02 3.574E-02 2.010E-01 1.232E-02 4.142E-02 1.373E-01 7.028E-03 4.232E-02 4.113E-01 1.226E-01 1.228E-02 3.037E-01 3.081E-02 4.651E-01 4.569E-02 1.107E-01 2.766E-01 4.128E-01 9.652E-01 4.598E-02 6.399E-02 3.004E-03 9.199E-01 6.038E-02 1.937E-03 1.974E-03 1.341E-02 1.360E-02 1.156E-01 1.175E-01 2.949E-03 9.143E-03 2.192E-02 5.701E-03 7.369E-02 7.768E-02 2.594E-01 5.933E-03 1.809E-02 4.312E-02 1.126E-03 6.771E-03 1.438E-01 1.528E-02 9.204E-02 5.305E-01 5.088E-02 5.086E-03 9.734E-02 9.819E-03 2.617E-01 2.667E-02 1.385E-02 6.128E-01 6.017E-02 4.587E-02 8.826E-02 2.391E-01 9.837E-04 1.478E-02 5.438E-01 1.637E-01 7.786E-03 7.879E-01 3.758E-02 1.237E-01 5.809E-03 1.559E-01 7.513E-01 1.167E-01 1.343E+00 3.731E-02 3.011E-03 7.556E-05 1.306E+00 2.807E-03 9.721E-04 9.900E-04 5.197E-03 5.265E-03 2.247E-02 2.275E-02 1.628E-01 1.654E-01 1.646E-03 4.858E-03 1.005E-02 2.038E-03 2.373E-02 1.317E-02 7.874E-02 1.232E-01 3.166E-01 3.314E-03 9.622E-03 1.982E-02 4.026E-04 2.422E-03 4.660E-02 2.602E-03 1.565E-02 1.534E-01 2.425E-02 1.460E-01 6.473E-01 2.635E-02 2.631E-03 4.455E-02 4.485E-03 8.975E-02 9.087E-03 2.414E-03 2.455E-01 2.509E-02 3.519E-02 7.530E-01 7.393E-02 2.374E-02 4.033E-02 8.159E-02 1.715E-04 2.577E-03 2.248E-01 2.500E-03 3.757E-02 6.681E-01 5.859E-02 2.785E-03 1.827E-01 8.701E-03 7.126E-01 3.401E-02 7.355E-03 1.779E-01 8.359E-03 5.577E-02 1.741E-01 6.798E-01 2.717E-04 7.618E-03 1.680E-01 1.829E-01 5.075E-03 1.179E+00 3.277E-02 6.666E-03 1.701E-04 1.778E-01 1.147E+00 6.255E-03 1.676E+00 3.047E-02 2.072E-04 7.695E-07 1.646E+00 1.494E-04 5.623E-04 5.725E-04 2.637E-03 2.671E-03 8.778E-03 8.878E-03 3.167E-02 3.204E-02 2.104E-01 2.137E-01 1.013E-03 2.905E-03 5.551E-03 9.903E-04 1.115E-02 4.845E-03 2.564E-02 2.148E-02 8.456E-02 1.709E-01 3.731E-01 2.040E-03 5.756E-03 1.096E-02 1.957E-04 1.177E-03 2.195E-02 9.580E-04 5.762E-03 5.027E-02 4.245E-03 2.554E-02 1.645E-01 3.365E-02 2.026E-01 7.627E-01 1.553E-02 1.550E-03 2.453E-02 2.466E-03 4.298E-02 4.341E-03 8.638E-04 8.633E-02 8.764E-03 6.446E-03 2.399E-01 2.457E-02 6.109E-02 8.893E-01 8.732E-02 1.399E-02 2.218E-02 3.900E-02 6.139E-05 9.222E-04 7.863E-02 4.582E-04 6.884E-03 2.200E-01 4.340E-03 6.522E-02 7.891E-01 2.841E-02 1.350E-03 7.391E-02 3.518E-03 1.845E-01 8.793E-03 1.173E-03 6.800E-01 3.247E-02 1.975E-02 2.284E-01 1.074E-02 2.704E-02 7.040E-02 1.758E-01 4.334E-05 1.215E-03 6.488E-01 7.299E-04 2.046E-02 2.157E-01 5.867E-02 1.628E-03 2.289E-01 6.356E-03 1.101E+00 3.060E-02 6.168E-03 1.039E-02 2.672E-04 5.703E-02 2.225E-01 1.071E+00 1.400E-04 6.305E-03 9.779E-03 2.018E-01 3.667E-03 1.492E+00 2.712E-02 4.151E-04 1.942E-06 1.981E-01 1.465E+00 3.060E-04 2.008E+00 2.574E-02 1.093E-04 4.271E-09 1.982E+00 7.747E-05
   8 9.222E-02 7.315E-02 1.839E-01 1.508E-01 2.571E-02 2.634E-02 1.454E-02 6.125E-02 1.649E-01 2.917E-02 1.201E-01 3.365E-01 4.051E-01 4.080E-02 3.938E-01 3.888E-02 3.672E-01 3.508E-01 5.202E-03 5.305E-03 7.703E-02 7.836E-02 5.331E-03 1.828E-02 5.633E-02 4.742E-02 2.381E-01 1.071E-02 3.604E-02 1.099E-01 9.350E-03 5.625E-02 4.852E-01 1.164E-01 1.167E-02 2.255E-01 2.294E-02 6.092E-01 6.013E-02 1.052E-01 2.059E-01 5.426E-01 9.578E-01 4.563E-02 7.346E-02 3.460E-03 9.128E-01 6.944E-02 2.012E-03 2.050E-03 1.443E-02 1.462E-02 1.301E-01 1.321E-01 2.555E-03 8.057E-03 1.844E-02 7.006E-03 5.770E-02 1.010E-01 3.080E-01 5.138E-03 1.592E-02 3.621E-02 1.387E-03 8.338E-03 1.123E-01 1.993E-02 1.199E-01 6.272E-01 5.003E-02 5.008E-03 8.078E-02 8.167E-03 1.814E-01 1.855E-02 1.482E-02 7.993E-01 7.888E-02 4.514E-02 7.339E-02 1.663E-01 1.053E-03 1.582E-02 7.118E-01 1.644E-01 7.822E-03 7.730E-01 3.686E-02 1.429E-01 6.736E-03 1.566E-01 7.371E-01 1.352E-01 1.343E+00 3.731E-02 2.917E-03 7.464E-05 1.306E+00 2.741E-03 1.008E-03 1.026E-03 5.534E-03 5.600E-03 2.432E-02 2.459E-02 1.837E-01 1.864E-01 1.422E-03 4.300E-03 8.590E-03 2.457E-03 1.964E-02 1.590E-02 6.061E-02 1.581E-01 3.763E-01 2.861E-03 8.502E-03 1.691E-02 4.870E-04 2.927E-03 3.847E-02 3.150E-03 1.894E-02 1.177E-01 3.120E-02 1.877E-01 7.661E-01 2.634E-02 2.635E-03 3.851E-02 3.885E-03 7.010E-02 7.118E-03 2.573E-03 1.619E-01 1.662E-02 3.759E-02 9.793E-01 9.665E-02 2.375E-02 3.493E-02 6.389E-02 1.830E-04 2.748E-03 1.489E-01 2.672E-03 4.014E-02 8.721E-01 5.914E-02 2.812E-03 1.819E-01 8.661E-03 6.930E-01 3.307E-02 7.348E-03 2.063E-01 9.724E-03 5.630E-02 1.733E-01 6.610E-01 2.716E-04 7.613E-03 1.951E-01 1.828E-01 5.076E-03 1.180E+00 3.277E-02 6.497E-03 1.685E-04 1.778E-01 1.147E+00 6.137E-03 1.676E+00 3.047E-02 1.678E-04 6.845E-07 1.646E+00 1.222E-04 5.816E-04 5.919E-04 2.794E-03 2.826E-03 9.392E-03 9.486E-03 3.430E-02 3.465E-02 2.376E-01 2.410E-01 8.731E-04 2.576E-03 4.780E-03 1.184E-03 9.410E-03 5.741E-03 2.094E-02 2.559E-02 6.429E-02 2.174E-01 4.438E-01 1.757E-03 5.096E-03 9.417E-03 2.349E-04 1.411E-03 1.848E-02 1.139E-03 6.842E-03 4.096E-02 5.071E-03 3.048E-02 1.247E-01 4.291E-02 2.581E-01 9.035E-01 1.567E-02 1.567E-03 2.164E-02 2.180E-03 3.511E-02 3.556E-03 9.212E-04 6.457E-02 6.577E-03 6.843E-03 1.523E-01 1.568E-02 6.514E-02 1.154E+00 1.139E-01 1.413E-02 1.961E-02 3.194E-02 6.552E-05 9.838E-04 5.899E-02 4.868E-04 7.310E-03 1.404E-01 4.632E-03 6.958E-02 1.028E+00 2.876E-02 1.367E-03 7.401E-02 3.523E-03 1.822E-01 8.685E-03 1.172E-03 6.570E-01 3.136E-02 1.974E-02 2.653E-01 1.251E-02 2.737E-02 7.049E-02 1.737E-01 4.333E-05 1.214E-03 6.268E-01 7.297E-04 2.045E-02 2.510E-01 5.866E-02 1.628E-03 2.289E-01 6.356E-03 1.101E+00 3.060E-02 6.165E-03 1.016E-02 2.653E-04 5.703E-02 2.225E-01 1.071E+00 1.400E-04 6.303E-03 9.621E-03 2.018E-01 3.667E-03 1.492E+00 2.712E-02 3.386E-04 1.730E-06 1.981E-01 1.465E+00 2.522E-04 2.008E+00 2.574E-02 8.628E-05 3.618E-09 1.982E+00 6.125E-05
   9 8.677E-02 8.280E-02 1.730E-01 1.701E-01 2.683E-02 2.748E-02 1.241E-02 4.983E-02 1.913E-01 2.491E-02 9.753E-02 3.891E-01 3.317E-01 3.345E-02 5.053E-01 5.005E-02 3.010E-01 4.512E-01 5.382E-03 5.488E-03 8.610E-02 8.748E-02 4.510E-03 1.540E-02 4.290E-02 6.305E-02 2.774E-01 9.059E-03 3.030E-02 8.347E-02 1.246E-02 7.491E-02 5.633E-01 1.058E-01 1.063E-02 1.472E-01 1.503E-02 7.737E-01 7.663E-02 9.570E-02 1.349E-01 6.908E-01 9.549E-01 4.548E-02 7.746E-02 3.657E-03 9.099E-01 7.332E-02 2.075E-03 2.113E-03 1.548E-02 1.566E-02 1.469E-01 1.490E-01 2.149E-03 6.861E-03 1.485E-02 8.438E-03 4.238E-02 1.321E-01 3.594E-01 4.320E-03 1.353E-02 2.909E-02 1.676E-03 1.007E-02 8.214E-02 2.612E-02 1.570E-01 7.295E-01 4.727E-02 4.740E-03 6.088E-02 6.175E-03 1.049E-01 1.080E-02 1.528E-02 1.010E+00 1.000E-01 4.270E-02 5.547E-02 9.676E-02 1.087E-03 1.632E-02 9.017E-01 1.645E-01 7.829E-03 7.663E-01 3.653E-02 1.522E-01 7.188E-03 1.567E-01 7.305E-01 1.441E-01 1.344E+00 3.732E-02 2.517E-03 6.502E-05 1.306E+00 2.374E-03 1.036E-03 1.054E-03 5.866E-03 5.928E-03 2.623E-02 2.648E-02 2.080E-01 2.108E-01 1.192E-03 3.677E-03 7.047E-03 2.894E-03 1.544E-02 1.886E-02 4.339E-02 2.044E-01 4.397E-01 2.396E-03 7.255E-03 1.384E-02 5.752E-04 3.455E-03 3.016E-02 3.747E-03 2.251E-02 8.388E-02 4.042E-02 2.430E-01 8.921E-01 2.537E-02 2.542E-03 3.058E-02 3.094E-03 4.809E-02 4.905E-03 2.652E-03 8.529E-02 8.833E-03 3.882E-02 1.233E+00 1.221E-01 2.290E-02 2.781E-02 4.401E-02 1.888E-04 2.834E-03 7.905E-02 2.762E-03 4.148E-02 1.101E+00 5.929E-02 2.820E-03 1.814E-01 8.639E-03 6.835E-01 3.260E-02 7.316E-03 2.208E-01 1.043E-02 5.645E-02 1.728E-01 6.518E-01 2.706E-04 7.582E-03 2.090E-01 1.828E-01 5.075E-03 1.180E+00 3.279E-02 5.634E-03 1.474E-04 1.777E-01 1.148E+00 5.340E-03 1.676E+00 3.047E-02 1.280E-04 5.159E-07 1.646E+00 9.313E-05 5.965E-04 6.069E-04 2.944E-03 2.974E-03 1.000E-02 1.009E-02 3.702E-02 3.734E-02 2.693E-01 2.728E-01 7.296E-04 2.206E-03 3.954E-03 1.382E-03 7.578E-03 6.652E-03 1.617E-02 2.996E-02 4.517E-02 2.786E-01 5.190E-01 1.467E-03 4.356E-03 7.773E-03 2.748E-04 1.650E-03 1.484E-02 1.323E-03 7.946E-03 3.151E-02 5.954E-03 3.576E-02 8.714E-02 5.512E-02 3.313E-01 1.053E+00 1.526E-02 1.528E-03 1.764E-02 1.782E-03 2.563E-02 2.606E-03 9.505E-04 4.121E-02 4.222E-03 7.051E-03 7.432E-02 7.737E-03 6.731E-02 1.449E+00 1.436E-01 1.377E-02 1.602E-02 2.340E-02 6.766E-05 1.016E-03 3.785E-02 5.019E-04 7.535E-03 6.918E-02 4.790E-03 7.192E-02 1.294E+00 2.886E-02 1.372E-03 7.402E-02 3.524E-03 1.811E-01 8.629E-03 1.167E-03 6.453E-01 3.079E-02 1.965E-02 2.847E-01 1.345E-02 2.747E-02 7.049E-02 1.726E-01 4.315E-05 1.209E-03 6.155E-01 7.269E-04 2.037E-02 2.697E-01 5.863E-02 1.627E-03 2.289E-01 6.356E-03 1.102E+00 3.063E-02 6.163E-03 8.838E-03 2.325E-04 5.699E-02 2.225E-01 1.072E+00 1.399E-04 6.301E-03 8.395E-03 2.018E-01 3.667E-03 1.492E+00 2.712E-02 2.581E-04 1.306E-06 1.981E-01 1.465E+00 1.919E-04 2.008E+00 2.574E-02 6.597E-05 2.651E-09 1.982E+00 4.691E-05
  10 8.141E-02 9.265E-02 1.622E-01 1.899E-01 2.773E-02 2.841E-02 1.025E-02 3.856E-02 2.190E-01 2.055E-02 7.528E-02 4.440E-01 2.526E-01 2.552E-02 6.310E-01 6.265E-02 2.296E-01 5.645E-01 5.513E-03 5.620E-03 9.653E-02 9.796E-02 3.675E-03 1.235E-02 3.016E-02 8.340E-02 3.187E-01 7.380E-03 2.424E-02 5.843E-02 1.653E-02 9.927E-02 6.453E-01 8.978E-02 9.035E-03 7.590E-02 7.811E-03 9.524E-01 9.461E-02 8.134E-02 7.007E-02 8.523E-01 9.576E-01 4.561E-02 7.432E-02 3.514E-03 9.124E-01 7.042E-02 2.115E-03 2.154E-03 1.652E-02 1.669E-02 1.664E-01 1.686E-01 1.739E-03 5.562E-03 1.121E-02 9.771E-03 2.812E-02 1.724E-01 4.137E-01 3.494E-03 1.093E-02 2.187E-02 1.947E-03 1.169E-02 5.418E-02 3.417E-02 2.053E-01 8.373E-01 4.185E-02 4.206E-03 3.872E-02 3.948E-03 4.162E-02 4.347E-03 1.503E-02 1.234E+00 1.226E-01 3.787E-02 3.546E-02 3.891E-02 1.070E-03 1.607E-02 1.105E+00 1.640E-01 7.807E-03 7.704E-01 3.672E-02 1.478E-01 6.992E-03 1.562E-01 7.343E-01 1.401E-01 1.344E+00 3.733E-02 1.910E-03 4.948E-05 1.307E+00 1.804E-03 1.052E-03 1.071E-03 6.176E-03 6.233E-03 2.814E-02 2.837E-02 2.364E-01 2.393E-01 9.595E-04 2.992E-03 5.441E-03 3.259E-03 1.123E-02 2.151E-02 2.761E-02 2.640E-01 5.067E-01 1.928E-03 5.888E-03 1.065E-02 6.501E-04 3.902E-03 2.183E-02 4.288E-03 2.574E-02 5.298E-02 5.233E-02 3.144E-01 1.025E+00 2.295E-02 2.304E-03 2.092E-02 2.126E-03 2.575E-02 2.650E-03 2.619E-03 2.657E-02 2.818E-03 3.836E-02 1.500E+00 1.490E-01 2.075E-02 1.910E-02 2.376E-02 1.865E-04 2.800E-03 2.517E-02 2.732E-03 4.101E-02 1.342E+00 5.898E-02 2.806E-03 1.816E-01 8.647E-03 6.874E-01 3.278E-02 7.268E-03 2.158E-01 1.021E-02 5.616E-02 1.730E-01 6.554E-01 2.689E-04 7.533E-03 2.046E-01 1.827E-01 5.072E-03 1.181E+00 3.282E-02 4.294E-03 1.126E-04 1.776E-01 1.149E+00 4.075E-03 1.676E+00 3.047E-02 9.099E-05 3.250E-07 1.646E+00 6.551E-05 6.041E-04 6.146E-04 3.079E-03 3.106E-03 1.057E-02 1.064E-02 3.973E-02 4.001E-02 3.065E-01 3.101E-01 5.852E-04 1.798E-03 3.085E-03 1.539E-03 5.685E-03 7.369E-03 1.142E-02 3.374E-02 2.784E-02 3.570E-01 5.985E-01 1.176E-03 3.540E-03 6.043E-03 3.071E-04 1.843E-03 1.109E-02 1.470E-03 8.825E-03 2.214E-02 6.727E-03 4.038E-02 5.326E-02 7.080E-02 4.253E-01 1.211E+00 1.397E-02 1.402E-03 1.251E-02 1.270E-03 1.516E-02 1.553E-03 9.398E-04 1.902E-02 1.973E-03 6.984E-03 1.839E-02 1.982E-03 6.667E-02 1.757E+00 1.746E-01 1.263E-02 1.141E-02 1.394E-02 6.694E-05 1.005E-03 1.767E-02 4.975E-04 7.467E-03 1.766E-02 4.748E-03 7.127E-02 1.573E+00 2.868E-02 1.364E-03 7.396E-02 3.521E-03 1.815E-01 8.648E-03 1.158E-03 6.490E-01 3.095E-02 1.952E-02 2.795E-01 1.322E-02 2.730E-02 7.044E-02 1.730E-01 4.286E-05 1.201E-03 6.189E-01 7.223E-04 2.024E-02 2.649E-01 5.857E-02 1.626E-03 2.288E-01 6.355E-03 1.104E+00 3.068E-02 6.160E-03 6.753E-03 1.781E-04 5.694E-02 2.225E-01 1.074E+00 1.399E-04 6.299E-03 6.422E-03 2.018E-01 3.668E-03 1.492E+00 2.713E-02 1.820E-04 8.240E-07 1.981E-01 1.465E+00 1.335E-04 2.008E+00 2.574E-02 4.836E-05 1.752E-09 1.982E+00 3.448E-05
  11 8.086E-02 9.367E-02 1.611E-01 1.920E-01 2.528E-02 2.590E-02 8.387E-03 3.157E-02 2.349E-01 1.681E-02 6.151E-02 4.755E-01 1.832E-01 1.852E-02 7.379E-01 7.344E-02 1.666E-01 6.614E-01 5.181E-03 5.287E-03 1.020E-01 1.035E-01 2.938E-03 1.017E-02 2.109E-02 1.027E-01 3.469E-01 5.896E-03 1.993E-02 4.060E-02 2.039E-02 1.225E-01 7.014E-01 7.284E-02 7.342E-03 2.692E-02 2.818E-03 1.097E+00 1.092E-01 6.608E-02 2.523E-02 9.839E-01 9.016E-01 4.295E-02 1.457E-01 6.912E-03 8.590E-01 1.383E-01 1.989E-03 2.027E-03 1.663E-02 1.679E-02 1.803E-01 1.826E-01 1.366E-03 4.564E-03 8.398E-03 9.808E-03 1.798E-02 2.121E-01 4.532E-01 2.744E-03 8.956E-03 1.631E-02 1.962E-03 1.177E-02 3.432E-02 4.213E-02 2.530E-01 9.157E-01 3.514E-02 3.538E-03 1.993E-02 2.051E-03 6.793E-03 7.512E-04 2.256E-02 1.412E+00 1.406E-01 3.185E-02 1.840E-02 6.682E-03 1.607E-03 2.412E-02 1.266E+00 1.696E-01 8.074E-03 6.685E-01 3.187E-02 2.798E-01 1.328E-02 1.615E-01 6.373E-01 2.657E-01 1.342E+00 3.726E-02 4.919E-03 1.341E-04 1.304E+00 4.743E-03 9.856E-04 1.004E-03 6.129E-03 6.180E-03 2.890E-02 2.911E-02 2.586E-01 2.616E-01 7.452E-04 2.443E-03 4.158E-03 3.144E-03 7.964E-03 2.200E-02 1.655E-02 3.233E-01 5.570E-01 1.497E-03 4.799E-03 8.101E-03 6.295E-04 3.777E-03 1.539E-02 4.401E-03 2.641E-02 3.138E-02 6.423E-02 3.857E-01 1.125E+00 1.956E-02 1.968E-03 1.200E-02 1.229E-03 9.234E-03 9.696E-04 3.753E-03 1.117E-03 1.442E-04 5.594E-02 1.708E+00 1.701E-01 1.772E-02 1.103E-02 8.676E-03 2.675E-04 4.014E-03 1.260E-03 3.986E-03 5.982E-02 1.532E+00 6.332E-02 3.013E-03 1.741E-01 8.291E-03 5.643E-01 2.691E-02 7.515E-03 4.000E-01 1.898E-02 6.029E-02 1.658E-01 5.381E-01 2.781E-04 7.791E-03 3.799E-01 1.832E-01 5.088E-03 1.175E+00 3.265E-02 1.106E-02 3.023E-04 1.781E-01 1.143E+00 1.067E-02 1.676E+00 3.048E-02 1.230E-04 1.312E-06 1.646E+00 1.042E-04 5.635E-04 5.739E-04 3.032E-03 3.056E-03 1.070E-02 1.076E-02 4.108E-02 4.133E-02 3.369E-01 3.406E-01 4.507E-04 1.462E-03 2.376E-03 1.461E-03 4.166E-03 7.262E-03 7.768E-03 3.444E-02 1.588E-02 4.355E-01 6.594E-01 9.055E-04 2.873E-03 4.635E-03 2.926E-04 1.756E-03 8.080E-03 1.454E-03 8.726E-03 1.494E-02 6.891E-03 4.135E-02 2.995E-02 8.652E-02 5.196E-01 1.332E+00 1.200E-02 1.207E-03 7.544E-03 7.709E-04 6.593E-03 6.852E-04 1.334E-03 4.541E-03 4.897E-04 9.666E-03 1.061E-06 1.424E-06 9.532E-02 1.993E+00 1.986E-01 1.086E-02 6.921E-03 6.138E-03 9.507E-05 1.426E-03 4.367E-03 6.890E-04 1.034E-02 9.130E-06 6.792E-03 1.019E-01 1.788E+00 3.141E-02 1.494E-03 7.379E-02 3.514E-03 1.650E-01 7.864E-03 1.200E-03 5.123E-01 2.444E-02 2.020E-02 5.111E-01 2.426E-02 2.990E-02 7.028E-02 1.573E-01 4.443E-05 1.244E-03 4.886E-01 7.476E-04 2.094E-02 4.854E-01 5.889E-02 1.635E-03 2.290E-01 6.362E-03 1.095E+00 3.043E-02 6.163E-03 1.736E-02 4.754E-04 5.725E-02 2.227E-01 1.065E+00 1.400E-04 6.302E-03 1.677E-02 2.018E-01 3.668E-03 1.492E+00 2.712E-02 2.771E-04 3.312E-06 1.981E-01 1.465E+00 2.405E-04 2.008E+00 2.574E-02 3.392E-05 6.797E-09 1.982E+00 2.441E-05
  12 8.041E-02 9.453E-02 1.601E-01 1.937E-01 2.383E-02 2.443E-02 7.147E-03 2.678E-02 2.476E-01 1.431E-02 5.209E-02 5.006E-01 1.275E-01 1.290E-02 8.202E-01 8.177E-02 1.161E-01 7.363E-01 4.454E-03 4.548E-03 1.039E-01 1.053E-01 2.213E-03 7.813E-03 1.266E-02 1.186E-01 3.713E-01 4.442E-03 1.528E-02 2.413E-02 2.362E-02 1.418E-01 7.494E-01 5.274E-02 5.325E-03 1.251E-03 1.513E-04 1.208E+00 1.205E-01 4.792E-02 1.335E-03 1.085E+00 8.108E-01 3.862E-02 2.626E-01 1.248E-02 7.725E-01 2.497E-01 1.667E-03 1.701E-03 1.642E-02 1.656E-02 1.911E-01 1.933E-01 9.841E-04 3.389E-03 5.552E-03 8.445E-03 9.409E-03 2.507E-01 4.879E-01 1.977E-03 6.642E-03 1.071E-02 1.697E-03 1.018E-02 1.769E-02 4.993E-02 2.998E-01 9.840E-01 2.570E-02 2.593E-03 4.817E-03 5.109E-04 3.211E-03 2.807E-04 3.620E-02 1.538E+00 1.536E-01 2.334E-02 4.569E-03 2.565E-03 2.581E-03 3.873E-02 1.383E+00 1.761E-01 8.386E-03 5.250E-01 2.503E-02 4.739E-01 2.252E-02 1.677E-01 5.005E-01 4.506E-01 1.335E+00 3.708E-02 1.273E-02 3.519E-04 1.298E+00 1.235E-02 8.147E-04 8.308E-04 6.026E-03 6.070E-03 2.898E-02 2.915E-02 2.788E-01 2.817E-01 5.240E-04 1.783E-03 2.827E-03 2.622E-03 4.847E-03 1.958E-02 7.778E-03 3.833E-01 6.020E-01 1.053E-03 3.496E-03 5.472E-03 5.276E-04 3.164E-03 9.278E-03 3.935E-03 2.360E-02 1.445E-02 7.633E-02 4.582E-01 1.214E+00 1.437E-02 1.449E-03 3.841E-03 4.017E-04 2.062E-04 2.764E-05 5.492E-03 1.260E-02 1.176E-03 8.566E-02 1.848E+00 1.845E-01 1.304E-02 3.598E-03 2.413E-04 3.917E-04 5.876E-03 1.067E-02 6.108E-03 9.164E-02 1.661E+00 6.954E-02 3.310E-03 1.578E-01 7.516E-03 4.081E-01 1.947E-02 8.163E-03 6.554E-01 3.115E-02 6.622E-02 1.503E-01 3.893E-01 3.022E-04 8.463E-03 6.232E-01 1.847E-01 5.129E-03 1.160E+00 3.223E-02 2.827E-02 7.818E-04 1.795E-01 1.128E+00 2.743E-02 1.676E+00 3.047E-02 3.221E-04 5.263E-06 1.646E+00 3.055E-04 4.612E-04 4.702E-04 2.974E-03 2.994E-03 1.059E-02 1.064E-02 4.158E-02 4.178E-02 3.663E-01 3.700E-01 3.122E-04 1.054E-03 1.634E-03 1.209E-03 2.650E-03 6.188E-03 4.468E-03 3.058E-02 6.794E-03 5.156E-01 7.147E-01 6.274E-04 2.069E-03 3.168E-03 2.433E-04 1.459E-03 5.100E-03 1.245E-03 7.468E-03 8.498E-03 6.149E-03 3.687E-02 1.248E-02 1.027E-01 6.165E-01 1.441E+00 8.832E-03 8.903E-04 2.712E-03 2.821E-04 6.407E-04 7.230E-05 1.901E-03 3.940E-04 3.048E-05 1.355E-02 2.336E-02 2.217E-03 1.417E-01 2.146E+00 2.144E-01 8.014E-03 2.528E-03 6.423E-04 1.356E-04 2.035E-03 2.828E-04 9.663E-04 1.450E-02 2.007E-02 1.011E-02 1.516E-01 1.930E+00 3.551E-02 1.690E-03 7.080E-02 3.372E-03 1.380E-01 6.577E-03 1.309E-03 3.500E-01 1.670E-02 2.195E-02 8.207E-01 3.901E-02 3.381E-02 6.745E-02 1.315E-01 4.847E-05 1.357E-03 3.339E-01 8.126E-04 2.276E-02 7.804E-01 5.971E-02 1.658E-03 2.295E-01 6.376E-03 1.073E+00 2.981E-02 6.180E-03 4.402E-02 1.218E-03 5.805E-02 2.232E-01 1.043E+00 1.404E-04 6.319E-03 4.271E-02 2.018E-01 3.669E-03 1.491E+00 2.712E-02 7.860E-04 1.318E-05 1.982E-01 1.464E+00 7.510E-04 2.008E+00 2.574E-02 2.420E-05 3.779E-08 1.982E+00 1.824E-05
  13 8.012E-02 9.510E-02 1.595E-01 1.949E-01 2.228E-02 2.284E-02 6.021E-03 2.252E-02 2.591E-01 1.205E-02 4.373E-02 5.232E-01 7.619E-02 7.715E-03 8.643E-01 8.636E-02 6.938E-02 7.774E-01 3.467E-03 3.544E-03 1.018E-01 1.032E-01 1.504E-03 5.402E-03 5.616E-03 1.229E-01 3.912E-01 3.019E-03 1.055E-02 1.047E-02 2.458E-02 1.475E-01 7.882E-01 3.271E-02 3.307E-03 1.437E-02 1.368E-03 1.223E+00 1.224E-01 2.976E-02 1.238E-02 1.101E+00 7.078E-01 3.372E-02 4.015E-01 1.909E-02 6.744E-01 3.819E-01 1.260E-03 1.287E-03 1.607E-02 1.620E-02 2.002E-01 2.023E-01 6.335E-04 2.241E-03 2.888E-03 4.684E-03 3.083E-03 2.728E-01 5.185E-01 1.272E-03 4.385E-03 5.493E-03 9.522E-04 5.705E-03 5.578E-03 5.453E-02 3.272E-01 1.044E+00 1.606E-02 1.623E-03 6.969E-04 5.985E-05 4.338E-02 4.226E-03 5.583E-02 1.529E+00 1.531E-01 1.460E-02 5.477E-04 3.814E-02 3.982E-03 5.974E-02 1.378E+00 1.759E-01 8.376E-03 3.750E-01 1.788E-02 7.024E-01 3.341E-02 1.675E-01 3.575E-01 6.682E-01 1.333E+00 3.703E-02 1.495E-02 4.143E-04 1.296E+00 1.452E-02 6.050E-04 6.176E-04 5.921E-03 5.960E-03 2.840E-02 2.853E-02 2.998E-01 3.026E-01 3.281E-04 1.152E-03 1.538E-03 1.429E-03 2.177E-03 1.183E-02 1.799E-03 4.201E-01 6.435E-01 6.592E-04 2.256E-03 2.941E-03 2.904E-04 1.740E-03 4.088E-03 2.403E-03 1.440E-02 3.116E-03 8.396E-02 5.039E-01 1.295E+00 8.997E-03 9.090E-04 1.807E-05 8.251E-07 7.139E-03 6.825E-04 7.555E-03 7.016E-02 6.876E-03 1.284E-01 1.815E+00 1.818E-01 8.179E-03 8.203E-06 6.172E-03 5.391E-04 8.088E-03 6.202E-02 9.159E-03 1.374E-01 1.636E+00 7.334E-02 3.492E-03 1.322E-01 6.301E-03 2.531E-01 1.207E-02 8.363E-03 9.537E-01 4.536E-02 6.984E-02 1.260E-01 2.414E-01 3.096E-04 8.671E-03 9.074E-01 1.850E-01 5.139E-03 1.156E+00 3.210E-02 3.346E-02 9.273E-04 1.799E-01 1.124E+00 3.249E-02 1.676E+00 3.047E-02 3.053E-04 5.219E-06 1.646E+00 2.939E-04 3.382E-04 3.452E-04 2.922E-03 2.940E-03 1.022E-02 1.026E-02 4.121E-02 4.134E-02 3.989E-01 4.023E-01 1.920E-04 6.714E-04 9.050E-04 6.630E-04 1.290E-03 3.532E-03 1.747E-03 1.849E-02 1.059E-03 5.652E-01 7.672E-01 3.859E-04 1.315E-03 1.735E-03 1.347E-04 8.071E-04 2.445E-03 7.180E-04 4.302E-03 3.232E-03 3.756E-03 2.250E-02 1.727E-03 1.130E-01 6.779E-01 1.544E+00 5.538E-03 5.595E-04 6.577E-06 1.304E-06 2.057E-03 1.934E-04 2.542E-03 1.474E-02 1.428E-03 1.811E-02 9.502E-02 9.338E-03 2.079E-01 2.089E+00 2.093E-01 5.034E-03 1.102E-05 1.752E-03 1.814E-04 2.722E-03 1.290E-02 1.292E-03 1.939E-02 8.420E-02 1.483E-02 2.225E-01 1.883E+00 3.858E-02 1.837E-03 6.332E-02 3.017E-03 1.027E-01 4.896E-03 1.345E-03 1.945E-01 9.284E-03 2.247E-02 1.177E+00 5.597E-02 3.674E-02 6.034E-02 9.792E-02 4.981E-05 1.395E-03 1.856E-01 8.319E-04 2.330E-02 1.120E+00 5.997E-02 1.666E-03 2.298E-01 6.384E-03 1.066E+00 2.961E-02 6.172E-03 5.301E-02 1.469E-03 5.830E-02 2.234E-01 1.036E+00 1.403E-04 6.312E-03 5.148E-02 2.019E-01 3.670E-03 1.491E+00 2.712E-02 1.086E-03 1.913E-05 1.982E-01 1.464E+00 1.055E-03 2.008E+00 2.574E-02 7.363E-05 7.926E-07 1.982E+00 6.969E-05
  14 7.994E-02 9.544E-02 1.592E-01 1.956E-01 2.079E-02 2.132E-02 4.983E-03 1.863E-02 2.697E-01 9.955E-03 3.611E-02 5.439E-01 2.752E-02 2.789E-03 7.500E-01 7.522E-02 2.507E-02 6.769E-01 2.326E-03 2.379E-03 9.544E-02 9.678E-02 8.733E-04 3.185E-03 8.947E-04 5.356E-02 4.049E-01 1.754E-03 6.218E-03 1.515E-03 1.098E-02 6.576E-02 8.142E-01 1.421E-02 1.439E-03 9.901E-02 9.806E-03 9.145E-01 9.194E-02 1.294E-02 8.834E-02 8.272E-01 6.855E-01 3.266E-02 4.418E-01 2.102E-02 6.532E-01 4.204E-01 7.992E-04 8.170E-04 1.511E-02 1.523E-02 2.096E-01 2.115E-01 3.418E-04 1.237E-03 7.300E-04 4.918E-04 2.297E-05 1.792E-01 5.439E-01 6.867E-04 2.417E-03 1.325E-03 8.844E-05 5.352E-04 1.114E-05 3.626E-02 2.174E-01 1.093E+00 7.357E-03 7.449E-04 2.798E-02 2.754E-03 1.286E-01 1.281E-02 6.566E-02 1.104E+00 1.111E-01 6.699E-03 2.483E-02 1.153E-01 4.685E-03 7.028E-02 9.994E-01 1.702E-01 8.105E-03 3.241E-01 1.545E-02 8.047E-01 3.828E-02 1.621E-01 3.090E-01 7.657E-01 1.340E+00 3.722E-02 6.830E-03 1.893E-04 1.303E+00 6.633E-03 3.711E-04 3.792E-04 5.561E-03 5.595E-03 2.660E-02 2.667E-02 3.250E-01 3.275E-01 1.703E-04 6.140E-04 4.318E-04 5.741E-05 3.080E-04 9.071E-05 2.297E-04 2.998E-01 6.804E-01 3.422E-04 1.201E-03 7.946E-04 9.976E-06 6.057E-05 5.246E-04 1.237E-05 7.705E-05 6.321E-04 6.053E-02 3.629E-01 1.366E+00 4.219E-03 4.272E-04 1.164E-02 1.141E-03 4.155E-02 4.120E-03 8.583E-03 1.613E-01 1.609E-02 1.536E-01 1.278E+00 1.287E-01 3.842E-03 1.029E-02 3.711E-02 6.126E-04 9.190E-03 1.448E-01 1.096E-02 1.644E-01 1.157E+00 7.155E-02 3.407E-03 1.211E-01 5.770E-03 1.887E-01 9.003E-03 7.556E-03 1.091E+00 5.190E-02 6.814E-02 1.154E-01 1.800E-01 2.798E-04 7.835E-03 1.038E+00 1.841E-01 5.115E-03 1.172E+00 3.255E-02 1.995E-02 5.533E-04 1.790E-01 1.139E+00 1.938E-02 1.677E+00 3.049E-02 1.112E-03 2.008E-05 1.646E+00 1.090E-03 2.032E-04 2.076E-04 2.739E-03 2.755E-03 9.364E-03 9.375E-03 3.926E-02 3.928E-02 4.385E-01 4.416E-01 9.822E-05 3.535E-04 2.673E-04 1.325E-05 2.564E-04 1.148E-05 8.253E-05 1.225E-05 1.117E-03 3.990E-01 7.946E-01 1.975E-04 6.915E-04 4.949E-04 2.203E-06 1.343E-05 4.560E-04 1.327E-06 8.428E-06 1.151E-04 3.952E-07 3.058E-06 2.631E-03 8.048E-02 4.825E-01 1.595E+00 1.844E-06 1.867E-07 4.447E-06 4.356E-07 1.453E-05 1.438E-06 2.706E-06 4.984E-05 4.964E-06 1.126E-05 1.837E-05 1.950E-06 4.697E-03 1.967E-02 1.975E-03 5.491E-13 1.285E-12 3.729E-12 7.906E-10 1.186E-08 9.539E-08 5.666E-06 8.499E-05 3.771E-04 3.145E-04 4.718E-03 1.488E-02 6.838E-02 3.256E-03 1.077E-01 5.132E-03 1.786E-01 8.519E-03 4.194E-03 1.952E-04 9.961E-06 9.311E-03 8.229E-04 1.850E-08 6.600E-02 1.043E-01 1.755E-01 1.683E-04 4.713E-03 1.876E-03 6.117E-04 1.713E-02 8.854E-11 9.203E-02 2.556E-03 4.352E-01 1.209E-02 5.349E-01 1.486E-02 4.218E-03 2.448E-01 3.170E-03 9.235E-02 4.520E-01 4.137E-01 1.869E-04 8.411E-03 2.728E-01 2.215E-04 4.028E-06 1.308E-02 2.378E-04 4.554E-05 1.056E-06 7.464E-05 1.631E-02 7.831E-11 1.997E+00 2.560E-02 4.095E-04 2.558E-06 1.971E+00 1.968E-04
  15 7.987E-02 9.559E-02 1.590E-01 1.958E-01 1.956E-02 2.006E-02 4.017E-03 1.503E-02 2.768E-01 8.003E-03 2.905E-02 5.576E-01 9.012E-04 9.145E-05 1.750E-01 1.775E-02 8.222E-04 1.597E-01 1.034E-03 1.058E-03 7.705E-02 7.828E-02 3.330E-04 1.231E-03 4.763E-04 3.713E-01 3.974E-01 6.705E-04 2.408E-03 1.141E-03 7.385E-02 4.432E-01 7.972E-01 6.021E-04 6.108E-05 7.544E-02 7.619E-03 3.373E-02 3.523E-03 5.492E-04 6.856E-02 3.169E-02 9.362E-01 4.458E-02 1.051E-01 5.001E-03 8.916E-01 1.000E-01 3.122E-04 3.195E-04 1.219E-02 1.228E-02 2.151E-01 2.166E-01 1.169E-04 4.313E-04 4.511E-05 1.005E-01 3.881E-03 5.292E-01 5.454E-01 2.355E-04 8.436E-04 1.233E-04 1.994E-02 1.197E-01 8.269E-03 1.053E-01 6.319E-01 1.093E+00 0.000E+00 0.000E+00 0.000E+00 0.000E+00 0.000E+00 0.000E+00 0.000E+00 0.000E+00 0.000E+00 0.000E+00 0.000E+00 0.000E+00 0.000E+00 0.000E+00 0.000E+00 0.000E+00 0.000E+00 0.000E+00 0.000E+00 0.000E+00 0.000E+00 1.183E-05 9.522E-03 0.000E+00 1.334E+00 3.705E-02 0.000E+00 2.696E-04 1.567E-03 4.359E-01 1.370E-04 1.402E-04 4.485E-03 4.511E-03 2.176E-02 2.172E-02 3.459E-01 3.476E-01 1.803E-06 6.645E-06 3.353E-07 2.779E-04 1.815E-05 1.713E-02 5.685E-05 0.000E+00 6.252E-02 6.147E-13 2.200E-12 1.740E-13 1.220E-06 7.319E-06 1.316E-09 7.854E-04 4.713E-03 3.387E-04 0.000E+00 0.000E+00 3.036E-02 0.000E+00 0.000E+00 0.000E+00 0.000E+00 0.000E+00 0.000E+00 0.000E+00 0.000E+00 0.000E+00 0.000E+00 0.000E+00 0.000E+00 0.000E+00 0.000E+00 0.000E+00 0.000E+00 0.000E+00 0.000E+00 0.000E+00 0.000E+00 0.000E+00 1.576E-01 7.506E-03 5.851E-01 2.786E-02 0.000E+00 0.000E+00 4.274E-03 0.000E+00 0.000E+00 1.547E-01 6.057E-01 0.000E+00 4.040E-04 2.248E-08 0.000E+00 5.802E-01 1.612E-02 0.000E+00 3.013E-10 4.996E-01 1.192E-02 6.558E-01 8.771E-09 4.928E-01 1.241E+00 2.646E-09 2.562E-01 3.171E-03 1.719E+00 7.314E-07 1.304E-04 1.334E-04 3.898E-03 3.918E-03 1.209E-02 1.204E-02 8.316E-02 8.315E-02 3.733E-01 2.987E-01 1.312E-04 4.829E-04 7.072E-06 8.137E-03 2.903E-04 9.855E-02 4.859E-04 0.000E+00 1.024E-01 0.000E+00 5.857E-01 2.649E-04 9.474E-04 2.902E-05 1.640E-03 9.837E-03 7.037E-04 2.090E-02 1.254E-01 1.141E-03 0.000E+00 0.000E+00 2.369E-01 0.000E+00 0.000E+00 1.032E+00 0.000E+00 0.000E+00 0.000E+00 0.000E+00 0.000E+00 0.000E+00 0.000E+00 0.000E+00 0.000E+00 0.000E+00 0.000E+00 0.000E+00 0.000E+00 0.000E+00 0.000E+00 0.000E+00 0.000E+00 0.000E+00 0.000E+00 0.000E+00 0.000E+00 0.000E+00 0.000E+00 0.000E+00 0.000E+00 0.000E+00 0.000E+00 0.000E+00 0.000E+00 0.000E+00 0.000E+00 0.000E+00 0.000E+00 0.000E+00 0.000E+00 0.000E+00 0.000E+00 0.000E+00 0.000E+00 0.000E+00 0.000E+00 0.000E+00 0.000E+00 0.000E+00 0.000E+00 0.000E+00 0.000E+00 0.000E+00 0.000E+00 0.000E+00 0.000E+00 0.000E+00 0.000E+00 0.000E+00 0.000E+00 0.000E+00 0.000E+00 0.000E+00 0.000E+00 0.000E+00 0.000E+00 0.000E+00 0.000E+00 0.000E+00 0.000E+00 0.000E+00 0.000E+00 0.000E+00 0.000E+00 0.000E+00 0.000E+00 0.000E+00 2.378E+00 1.048E-07 0.000E+00 0.000E+00 6.579E-06 0.000E+00
